https://www.youtube.com/watch?v=Ah-SmLEMgis\
 327 355,355 421,605 629,1113 1141,1141 1231,1301 1336,1336 1424\
\
 https://www.youtube.com/watch?v=qC_T9ePzANg\
 32 56,210 302,305 341,341 358,400 505,520 543,554 617,627 642,716 734,740 754,754  857,857 930,930 953\
 \
 https://www.youtube.com/watch?v=7vsCAM17O-M\
 08 18,27 33,33 50,50 103,103 111,111 137,137 250,250 300,300 324,324 400,415 431,441 452,452 511\
 \
 https://www.youtube.com/watch?v=uZ73ZsBkcus\
 0 242\
 \
 https://www.youtube.com/watch?v=gPeKdXhGcZQ\
 30 103,137 250,259 336,336 624,624 743,744 826,826 921,921 1004,1004 1102,1102 1119,1119 1147,1147 1204,1204 1247,1247 1354,1408 1452,1452 1610,1698 1715\
 \
 https://www.youtube.com/watch?v=QcchrVNUmB8\
 0 25,40 45,45 56\
 \
 https://www.youtube.com/watch?v=NfN5SSiRoPs\
 0 22,43 50,150 204,204 215,241 254,254 300\
 \
 https://www.youtube.com/watch?v=Y5WkPM1Dghs\
 29 40,40 116,127 148,406 435,546 600,600 712,734 824,835 914,1050 1100,1404 1421\
 \
 https://www.youtube.com/watch?v=quYDkuD4dMU\
 28 41,53 111,112 136,136 147,149 200,202 221,248 306,306 322,328 349,401 423,423  452,457 530,543 626,635 658,658 735,745 755?,1100 1127,1150 1213,1255 1321,1323 1351,1425 1455,1600 1633,1720 1734,1734 1743,1743 1801,1801 1847,1851 2005\
 \
 https://www.youtube.com/watch?v=zxJgPHM5NYI\
 00 20,20 35,130 149,150 204,210 217,236 252,358 414,414 432,438 501,544 553,600 640,648 658,715 720,755 820,822 904,904 926,926 938,938 1002,1002 1014,1014 1042,1042 1050,1050 1110,1110 1128,1128 1137,1137 1215,1240 1252\
 \
 https://www.youtube.com/watch?v=S0UgTe2xml4\
 10 26,45 50,100 126\
 \
 https://www.youtube.com/watch?v=vw_Ey9Oip9g\
 110 121,155 200,415 420,440 452,516 527,610 618,618 627,627 644,644 706,727 732,748 802,838 844 bubble,948 1000,1035 1057,1118 1140,1140 1200,1240 1304,1340 1409,1455 1500,1547 1550,1605 1630,1900 1930,2030 2045,2046 2122,2130 2140,2140 2222,2230 2310,2522 2530,3042 3110,3110 3124,3200 3230,3238 3300,3415 3420,3450 3520,3520 3603,3610 3634,3634 3642,3730 3758,3845 3903,3940 4046,4046 4102,4105 4117,4128 4152,4152 4248,4415 4424,4430 4502,4640 4650,4900 4927,5202 5208,5820 5822,10300 10345,10630 10640,10910 10930,10930 10958,10958 11048,11055 11128,11128 11145,11155 11320,11320 11414,11414 11600\
 \
 https://www.youtube.com/watch?v=vPO_HGafBsE\
 48 100,100 114,149 211,228 42,245 260,310 340\
 \
 https://www.youtube.com/watch?v=sXpbONjV1Jc\
 45 115,122 125,253 303,330 356,430 624,655 904,930 1036,1036 1110,1110 1120,1120 1135,1135 1147,1147 1207,1207 1240,1240 1319,1345 1435,1440 1453,1508 1530,1530 1540,1540 1552,1552 1600,1600 1610,1610 1646\
 \
 https://www.youtube.com/watch?v=BYMd-7Ng9Y8\
 05 105,125 144\
 \
 https://www.youtube.com/watch?v=5gU3FjxY2uQ\
 320 326,328 332,755 814,816 831,831 850,850 905\
 \
 https://www.youtube.com/watch?v=nVYwGc8u_c0\
 0 8,12 48,48 105,110 143,143 209,220 249,253 312,312 320\
 \
 https://www.youtube.com/watch?v=faYco1b-IJI\
 5 23,52 58,230 248,250 303\
 \
 https://www.youtube.com/watch?v=wn8D0LAxsgY\
 0 27,27 45,45 105,105 120,120 133,133,138?,205,208\
 \
 https://www.youtube.com/watch?v=Ruo904vtQ8w\
 8 41,230 242\
 \
 https://www.youtube.com/watch?v=HH_PRdi87w4\
 0 15,15 41,58 127,127 143,143 212\
 \
 https://www.youtube.com/watch?v=CiKrFcgVSIU\
 0 16,34 108,115 125,145 225,240 243,243 336,336 420,420 533,555 652,652 700,704 840,840 913,950 958,958 1010,1050 1110,1140 1215,1355 1410,1410 1440,1530 1556\
 \
 https://www.youtube.com/watch?v=pA40ETpkuEE\
 200 250,255 306,306 553,355 405\
 \
 https://www.youtube.com/watch?v=WUHRaoD7d34\
 30 43,48 110,244 309,325 345,359 503,743 813,1242 1306,1306 1404,1404 1608,1620 1807,1810 2028,2039 2200,2200 2400,2400 2440,2455 2540,2603 2754,2754 2820,2855 2958,2958 3139,3139 3300,3328 3332,3500 3736,3736 3815,4120 4250,4623 4810,4928 4955,5010 5100,5215 5310,5537 5646,5702 5955\
 \
 https://www.youtube.com/watch?v=CS8D3rL-SQo\
 122 215,215 306,530 645\
 \
 https://www.youtube.com/watch?v=vDwzmJpI4io#t=1936\
 3420 3448,3533 3550,3550 3608,3608 3634,3646 3723,3727 3800,3800 3908\
 \
 https://www.youtube.com/watch?v=gLGXVXHQbn0\
 49 59,1605 1690,1701 1735,1735 1800,1858 1922,2000 2035,2300 2321,2820 2903,2944 2948\
 \
 https://www.youtube.com/watch?v=uNNSRPX-YAk\
 10 30,40 56,143 223,235 252,300 327,346 355\
 \
 https://www.youtube.com/watch?v=Lwb6hJHVO5Y\
 28 30,30 114,128 158,158 244,244 259,310 340,340 430,430 450,453 530,530 623,645 701,701 729,744 759,759 848,905 951,951 1000,1055 1130,1130 1210,1208 1242,1242 1321\
 \
 https://www.youtube.com/watch?v=2kQUaGMudlA\
 8 30,30 43,330 340,547 617,645 655\
 \
 https://www.youtube.com/watch?v=8b1jhMkeF8s\
 45 49,49 106,220 332,332 431,431 508,520 610,610 654,800 826,910 938,950 1015,1028 1218,1218 1332,1332 1357,1357 1408,1408 1520,1559 1606,1606 1717,1750 1800,1800 1815,1815 1845,1912 2002\
 \
  skhan@khanacademy.org,\
 \
 https://www.youtube.com/watch?v=a6YK-W-QPEs\
 "WISE initiative"